100
2 1
500 300
900
660
2 1
500 300
1500
809
2 2
50 100
450 449
1100 1101
2 1
500 300
300
500
1 8
10
11 13 17 11 16 14 12 18
1 1
8
88
2 8
1 1
1000000 999999 999998 999997 999996 999995 999994 999993
999992 999991 999990 999989 999988 999987 999986 999985
2 1
6 9
13448
19294
2 6
5 1
11670 12020 10800 12809 11627 12010
2378 2404 2640 2456 2402 2230
2 8
6 4
6 6 6 66 66 6 6 6
36 4 36 4 4 4 4 4
1 5
8
2264 2160 2400 2287 2428
2 8
4 8
2672 843 2880 439 1320 1840 1600 2573
3888 7040 2160 3200 6052 870 1580 4968
2 6
4 10
6993 7600 7826 7568 6840 8360
20692 17100 19000 17940 20900 17914
1 2
3
5670 6589
1 7
1
182 321 540 697 405 90 500
2 8
6 4
660 540 660 576 588 534 624 602
360 384 356 360 419 361 387 392
1 8
384860
774207 882404 971128 810115 792165 993111 768736 942962
1 2
9
15291 14221
1 2
9
63 99
1 4
10
4000 3016 987 1800
1 3
2
540 200 438
2 8
321458 317864
246783 612936 523911 740445 999150 729508 599444 680804
800727 785277 703714 909324 847615 857728 856790 954222
2 4
763106 610221
951818 916607 826533 480619
889830 782605 693505 672196
2 5
1 3
189 110 500 362 304
907 1500 270 1093 608
2 8
1 4
1 3 11 3 1 5 8 9
12 36 20 34 4 4 12 44
1 2
6
13875 12960
2 2
1 5
400 2137
10198 2000
1 6
259346
919089 794887 857099 730733 373604 795169
2 8
9 4
8100 17010 10470 12681 21389 12397 8910 9900
9240 9394 4521 4400 5594 3600 5241 4840
1 4
1
1887 1965 1817 2101
2 8
141067 129754
671664 612694 699873 992473 999509 879048 995627 886694
997729 981036 703503 513873 794742 983385 837029 243702
1 4
3
33 16 15 15
1 5
2
1980 2251 2011 2208 2200
1 2
3
315 557
2 4
4 3
8990 10560 9652 9600
7200 7166 7359 6480
1 7
10
10800 11990 11351 13154 12119 10800 12545
2 8
5 2
10070 10450 9165 9500 9257 9883 8846 10294
3823 3800 3493 3951 3636 3554 3997 3420
1 3
1000000
899999 900001 900000
1 5
2
3492 3396 3740 3285 3371
2 8
3 2
5940 5703 3000 2219 3075 2907 4800 7797
2049 3200 2128 5151 3629 4840 1578 2000
2 4
8 2
8 72 43 8
10 22 2 2
2 2
7 10
63 21
32 110
2 8
1 6
2097 2038 1899 1969 2074 1986 1890 2241
13545 13860 11921 12582 13926 11853 13013 12370
2 3
8 3
64 88 8
3 27 24
1 6
3
6 6 15 18 12 27
1 5
7
7 7 77 7 7
1 7
1
766 669 630 655 711 700 663
1 8
10
2 6 8 1 7 4 5 3
1 6
7
630 2120 1288 2856 3500 3780
2 3
6 7
4117 3834 4362
5467 4391 5360
1 6
2697
420417 734664 989507 355748 595223 244403
2 7
157815 228881
794405 465124 771088 873031 959746 6311 965993
894727 943478 577205 840472 980022 846434 762923
2 5
10 3
4865 4780 4500 5200 5010
1650 1424 1638 1462 1503
1 7
10
30 66 90 110 70 20 62
2 4
6 5
1312 1685 2640 551
1471 1800 484 1097
1 3
280599
371160 508382 624986
2 8
8 6
16171 13777 11849 2880 4800 8000 6339 12180
3600 2640 4552 10234 8239 8815 11476 6000
1 1
309739
955029
1 1
6
540
1 1
8
8455
2 8
5 7
542 500 450 460 517 500 550 485
673 770 630 700 700 702 659 643
2 5
5 9
501 2500 1650 1076 1847
961 2430 3441 4500 1952
1 3
3
3 3 3
1 2
14316
803230 210504
2 8
6 10
66 6 6 66 6 6 6 6
10 90 11 10 10 10 90 11
2 5
272741 115660
995011 977546 900453 991016 886763
842168 919154 938749 951099 688881
2 2
6 3
1918 12000
891 6000
1 8
714972
929066 748200 487536 329911 990758 892967 928024 692427
1 5
235412
821398 675724 877680 890597 999864
2 5
9 10
4907 2430 900 1771 3361
3914 5441 3300 1000 2051
2 3
2 8
400 209 660
2160 837 1600
1 3
9
9199 18241 9900
1 6
9
10163 10890 9752 10889 9900 9922
2 8
10 1
90 10 20 40 81 79 59 38
11 6 8 4 1 4 8 2
1 7
4
2244 2011 2222 1931 1898 2062 1980
2 1
3 7
852
2069
1 4
4
8800 7046 440 1441
2 6
9 1
81 67 9 27 45 9
1 7 3 5 1 11
1 6
3
5640 5940 5394 4862 5590 5175
2 4
6 7
10830 10205 11165 10026
13367 12635 11878 13643
2 4
9 5
61 18 78 99
10 43 32 45
1 6
4
8656 10042 9088 10560 9012 9600
1 6
1
1777 1948 330 180 2186 1700
2 8
7 4
7 7 7 63 7 7 63 7
4 44 4 4 4 4 44 4
2 3
3 3
3 33 3
3 3 27
2 7
133405 367963
882662 608532 907983 476561 854579 887427 832798
972213 387114 137617 787378 449711 531560 875173
1 4
6
54 6 37 32
2 7
10 1
21 59 90 66 65 50 60
6 7 2 11 5 6 6
2 1
9 3
15390
6270
2 6
7 9
3850 756 2800 1310 4523 2012
2662 974 1633 5873 3600 4050
2 8
4 8
3520 800 1080 2476 1571 2800 406 1999
2640 4929 1600 3324 5600 3830 800 5760
2 6
9 3
24048 22500 22500 23752 22156 20250
7576 7500 7348 7500 8148 8250
2 5
6 10
11702 13043 12000 10800 12351
18035 19803 20528 20000 22000
1 3
5
916 1020 1155
1 7
40717
948479 831210 996393 912949 739212 617808 608305
1 3
8
18400 11249 14080
2 8
6944 190180
554604 955110 530776 581557 96418 753868 855043 435519
998893 802668 941886 161128 972035 329471 660921 943130
2 8
9 1
11880 21118 17148 2430 17038 13500 17221 8585
1052 1080 1874 330 1908 2403 1956 1500
1 8
3
6714 5940 7022 6463 7260 6600 6793 6600
1 1
3
4586
