100
2 1
500 300
900
660
2 1
500 300
1500
809
2 2
50 100
450 449
1100 1101
2 1
500 300
300
500
1 8
10
11 13 17 11 16 14 12 18
1 3
5
1525 1620 1544
2 8
8 8
3408 3520 3263 3200 3258 2880 3200 2934
3484 3520 2904 3519 3200 3200 2880 3515
2 7
5 10
11190 5661 5596 13750 7593 2500 3929
7352 14621 11946 22500 10386 22138 5000
1 5
98284
885024 666478 988762 961561 861078
2 8
9 4
6695 6527 2481 1852 4719 900 5400 3960
2935 2137 2960 1440 1084 832 400 2400
1 5
4
3885 3080 1657 6000 9698
1 8
7
14533 16940 15678 16874 16259 15379 16502 14863
1 1
10
13718
1 7
10
6620 6020 6289 5448 6339 6600 6600
1 2
2
2 18
1 1
7
15400
1 7
4
7853 4182 8000 2676 3520 4132 6266
2 3
18252 39524
913914 618045 883437
838547 907843 675764
2 8
4 10
44 29 12 36 12 13 8 8
30 30 78 20 30 22 90 110
2 1
10 2
8197
1674
2 8
223659 605479
715426 998129 578292 645229 377896 850670 543761 525594
989106 822576 888342 926111 746944 899067 616614 977625
2 6
6 2
3490 2400 547 1133 1980 3206
1094 1118 800 212 368 540
1 2
9577
690523 851650
2 5
9 4
13464 14140 14949 12587 14283
6526 5436 5765 5984 5568
2 5
1 10
100 1725 778 1064 1210
10136 1000 9900 15811 7923
2 7
10 1
13081 14372 12690 14225 12600 14030 14970
1551 1421 1403 1540 1294 1403 1338
1 6
6
2833 2400 1811 3420 639 1320
2 5
4 9
25 16 32 4 36
99 56 36 9 78
1 8
5
36 35 39 20 5 32 38 45
1 2
4
799 400
2 8
557622 140897
851601 672553 380924 999230 852088 975357 954571 871402
951975 815723 994785 730691 465667 735629 994657 821984
2 8
10 5
20900 19614 17560 20900 19010 19050 19965 20075
9795 8550 9505 9426 8550 9525 10287 8764
2 1
1 1
7
7
2 6
6 2
6272 600 13200 4800 5940 5946
1567 2034 3600 2420 200 2139
1 3
6
54 26 42
1 6
9
9 9 81 9 9 9
2 7
8 6
848 2326 1627 4805 3600 3200 5242
1153 651 4057 3678 3300 2400 1678
2 1
2 5
2303
5533
1 8
10
6 2 8 1 7 3 4 5
1 5
9
4564 4225 5049 4853 4473
2 1
1 1
1
1
2 6
5 1
11550 4000 7095 2000 7421 6994
1358 1393 400 1890 1561 800
2 8
9 2
18061 2700 18599 4112 11700 24227 10745 15390
2588 600 3877 2600 3480 908 4180 5028
1 5
235412
821398 999864 890597 877680 675724
1 6
7
61 77 7 41 7 23
1 5
9
810 900 914 827 889
2 8
2 3
1320 592 1498 1100 1400 400 180 762
2100 330 861 2329 1620 1621 1105 600
1 2
5
500 531
1 6
245152
673605 815794 907869 913806 993731 520985
1 6
3
7852 7023 8102 7506 6777 7485
2 8
3 7
6300 6300 6799 6622 6820 5690 6203 5670
14900 14751 14311 16149 14700 16170 14700 15008
2 8
4 6
758 7774 7931 9220 5760 2400 7920 7200
10800 11042 11130 1162 14520 12756 3600 10560
1 6
4
3882 3992 4400 3982 4012 4352
1 6
9
840 3690 1800 4876 2970 4336
2 5
47821 84589
106931 688250 706059 217608 492024
899295 801789 915804 971223 775515
2 8
4 7
4840 4194 4328 4554 4420 4853 4055 4840
8040 7735 7461 7111 7597 6930 6930 7063
1 7
4
5720 4896 5590 5585 5200 4680 5553
2 4
41464 390314
789797 933160 982595 854992
803910 990524 937564 704811
2 8
280349 255126
917271 909062 817375 975069 775819 566596 854003 699972
999088 140890 845236 841511 614031 980240 780587 808647
1 4
6
30 12 17 66
1 6
1
1557 2000 2100 1100 1541 2502
1 4
5
6052 7150 6500 6386
1 3
1
1398 1356 1500
1 3
3
7500 6209 6074
2 5
252118 13811
272124 743923 435069 867287 13372
904836 860914 995445 994069 610490
2 2
1067 149600
916655 820822
706141 696792
1 3
5
12155 10428 10995
2 8
8 5
8 88 8 72 8 8 8 8
55 5 5 5 5 5 45 5
2 8
1545 185964
637310 987482 277419 995720 887734 799460 784835 868414
418154 448072 796168 885350 892406 984884 485586 943510
1 3
6
600 1295 1691
2 4
7 9
2107 630 3055 1382
990 1750 3951 2478
1 4
6
12 54 12 35
2 8
87085 654996
439127 843673 993421 998209 793170 858489 753490 992710
818020 952094 833189 967720 946407 899000 207296 570103
1 8
1
660 745 289 187 433 500 110 767
2 8
3 6
4200 4605 4524 4200 4620 3922 4403 3780
8400 8237 8505 7806 8400 8228 9240 7560
1 6
9
880 891 1001 821 945 845
1 8
4
32 18 8 24 16 22 4 36
2 8
3 3
1200 286 1350 601 2227 2440 955 1788
640 1200 2270 278 1650 846 1700 2217
1 3
9
69 99 17
1 3
9
9 81 9
1 8
8
8590 7200 8738 7226 7451 8253 8000 7200
1 3
9
15568 15577 16200
2 7
7 8
77 63 27 35 51 7 21
88 37 57 24 72 31 8
1 7
6
1224 1701 3960 4101 2533 660 3000
1 2
6
573 1233
2 8
5 3
30 55 16 45 5 40 10 9
24 6 9 33 18 27 3 6
2 1
5 1
10788
1986
2 4
2 7
212 566 360 819
1540 1939 742 2555
1 4
6
641 600 540 635
1 1
7
3825
1 3
62285
997824 678723 960817
2 1
3 10
27
110
2 7
7 3
49 7 56 28 77 7 77
11 24 3 21 3 27 27
2 4
8 7
15068 16890 16000 14400
13428 15400 15107 14000
1 7
5
2339 8331 9500 10157 9900 10634 10442
2 8
9 9
9 9 81 9 99 9 9 9
9 9 9 81 9 9 9 99
2 8
1 1
1000000 999999 999998 999997 999996 999995 999994 999993
999992 999991 999990 999989 999988 999987 999986 999985
1 3
1000000
900001 899999 900000
2 4
3 10
2261 3600 597 1350
7602 5500 1983 12000
1 1
473090
948610
