100
4 4
1.4000
0.5000 0.7000 0.8000 0.6000
2 2
1.0000
0.0000 0.0000
2 2
0.0000
0.9000 0.8000
2 2
0.1000
0.4000 0.5000
48 48
16.5725
0.6022 0.9186 0.0624 0.6435 0.8073 0.3711 0.4184 0.4325 0.3453 0.6264 0.4911 0.2201 0.3732 0.9119 0.0993 0.0796 0.3868 0.2594 0.8929 0.3572 0.7753 0.0379 0.8816 0.0753 0.1004 0.9714 0.9407 0.6432 0.5512 0.7913 0.5449 0.8978 0.4650 0.1623 0.1072 0.4191 0.1390 0.3585 0.5230 0.5922 0.0000 0.1370 0.9098 0.6859 0.8110 0.1098 0.8049 0.9584
50 50
22.5988
0.0860 0.2843 0.6993 0.7143 0.5487 0.1629 0.8331 0.5290 0.5766 0.4862 0.7695 0.0382 0.6404 0.9636 0.3461 0.0537 0.3871 0.8882 0.0260 0.2479 0.4926 0.3928 0.0410 0.7597 0.2176 0.4465 0.3026 0.6430 0.4125 0.7827 0.6943 0.0567 0.2791 0.0513 0.8401 0.0768 0.1770 0.9301 0.7365 0.8920 0.8209 0.9430 0.7019 0.8285 0.7842 0.4294 0.6628 0.1967 0.6057 0.4420
1 1
0.3333
0.0000
50 50
21.9092
0.2846 0.8337 0.1626 0.3675 0.4207 0.7289 0.9108 0.7496 0.7181 0.4516 0.7027 0.5265 0.2035 0.7142 0.5873 0.2620 0.1873 0.6607 0.6230 0.3940 0.3655 0.6444 0.7123 0.2291 0.6940 0.5518 0.1367 0.7059 0.8637 0.7433 0.3800 0.1564 0.2269 0.5312 0.4649 0.4478 0.4340 0.5494 0.6056 0.1005 0.0951 0.2440 0.9595 0.4943 0.4624 0.0551 0.2914 0.8171 0.9587 0.5024
4 4
0.0001
0.0000 0.0000 0.0000 0.0000
45 45
14.9872
0.3565 0.4111 0.2602 0.2502 0.6629 0.1548 0.7016 0.6762 0.1693 0.3936 0.5190 0.6326 0.7374 0.8125 0.5230 0.2907 0.8663 0.5951 0.0690 0.5872 0.7049 0.8682 0.8766 0.7107 0.1733 0.8446 0.4204 0.1416 0.6037 0.2744 0.2560 0.1457 0.1832 0.7967 0.0313 0.6708 0.9194 0.2737 0.9923 0.8408 0.3597 0.3708 0.9268 0.8180 0.9738
48 48
19.3902
0.3919 0.1297 0.6171 0.2556 0.1063 0.4057 0.6842 0.9818 0.9711 0.6013 0.0488 0.7976 0.0143 0.7143 0.5005 0.5332 0.5946 0.5173 0.2213 0.7631 0.6146 0.7373 0.3014 0.1392 0.4742 0.3148 0.9456 0.7756 0.0631 0.9164 0.1448 0.9391 0.9568 0.3934 0.4997 0.5361 0.8030 0.9034 0.8392 0.7701 0.2445 0.0923 0.2191 0.3431 0.3803 0.0948 0.0462 0.8742
47 47
2.2784
0.8193 0.1005 0.1539 0.6852 0.3204 0.1427 0.5519 0.2816 0.4495 0.7586 0.6483 0.6641 0.5550 0.8489 0.6587 0.2346 0.8840 0.4923 0.3553 0.1277 0.8419 0.9963 0.6506 0.6562 0.4354 0.3364 0.1664 0.1259 0.9056 0.7511 0.1637 0.9460 0.9770 0.9042 0.7958 0.1305 0.0239 0.3635 0.7939 0.1370 0.0708 0.8278 0.1902 0.1028 0.8156 0.9917 0.3084
45 45
17.4853
0.3989 0.7786 0.1214 0.3717 0.9453 0.3342 0.7927 0.2802 0.5571 0.6325 0.2055 0.5652 0.6597 0.6371 0.6997 0.1666 0.3931 0.9082 0.7734 0.2979 0.0598 0.1180 0.0458 0.8425 0.3185 0.8877 0.1786 0.9179 0.3386 0.4931 0.1136 0.6205 0.0178 0.3711 0.1842 0.4047 0.3883 0.5817 0.1623 0.9667 0.2734 0.3023 0.3895 0.1020 0.8967
50 50
17.7489
0.1469 0.3469 0.9290 0.3376 0.6928 0.3152 0.3930 0.2631 0.7261 0.6508 0.7165 0.2930 0.7892 0.4672 0.1160 0.7413 0.4985 0.3132 0.2297 0.1168 0.5382 0.7692 0.8398 0.8941 0.1383 0.3377 0.4688 0.7784 0.5607 0.5646 0.5330 0.0679 0.9071 0.8065 0.8195 0.7946 0.6876 0.7924 0.2042 0.5547 0.5537 0.0519 0.0129 0.8399 0.4248 0.8525 0.1299 0.2868 0.4617 0.5003
45 45
17.8475
0.5698 0.8972 0.5810 0.7359 0.4385 0.7620 0.5125 0.6688 0.9500 0.8085 0.5586 0.8465 0.8520 0.9204 0.2422 0.5628 0.0144 0.3315 0.2864 0.1410 0.0643 0.8287 0.8231 0.8332 0.0881 0.0350 0.2062 0.8238 0.9024 0.0125 0.3446 0.6200 0.2857 0.8781 0.3844 0.2547 0.7752 0.4416 0.5398 0.3609 0.9931 0.7249 0.9603 0.3113 0.6867
49 49
19.1594
0.7689 0.0517 0.1862 0.3227 0.3552 0.5288 0.5635 0.7242 0.9227 0.0803 0.5799 0.2374 0.8007 0.7354 0.3470 0.0740 0.9167 0.7320 0.6107 0.2218 0.7430 0.2969 0.8901 0.5753 0.2645 0.7312 0.2340 0.9527 0.9012 0.2692 0.7983 0.0293 0.4433 0.2241 0.9722 0.8227 0.0606 0.5133 0.4385 0.9185 0.1600 0.2624 0.6846 0.7124 0.7096 0.8183 0.6779 0.9554 0.4210
50 50
0.0049
0.9999 0.9999 0.9999 0.9999 0.9999 0.9999 0.9999 0.9999 0.9999 0.9999 0.9999 0.9999 0.9999 0.9999 0.9999 0.9999 0.9999 0.9999 0.9999 0.9999 0.9999 0.9999 0.9999 0.9999 0.9999 0.9999 0.9999 0.9999 0.9999 0.9999 0.9999 0.9999 0.9999 0.9999 0.9999 0.9999 0.9999 0.9999 0.9999 0.9999 0.9999 0.9999 0.9999 0.9999 0.9999 0.9999 0.9999 0.9999 0.9999 0.9999
47 47
20.2231
0.6920 0.0960 0.2604 0.2761 0.6291 0.7640 0.4845 0.2600 0.7752 0.9950 0.2807 0.6939 0.4246 0.2951 0.3656 0.7949 0.1508 0.0164 0.4489 0.4922 0.3025 0.0074 0.5714 0.9101 0.4835 0.1076 0.9312 0.4559 0.4639 0.0224 0.3223 0.9801 0.6267 0.7163 0.6740 0.4846 0.1214 0.7146 0.0052 0.5025 0.8222 0.9575 0.8286 0.6793 0.6247 0.0938 0.7965
49 49
23.2488
0.5728 0.9813 0.1770 0.2660 0.2868 0.1723 0.5622 0.6989 0.4731 0.7972 0.2314 0.2700 0.9707 0.5842 0.9115 0.1576 0.6814 0.8236 0.5966 0.7743 0.8095 0.8053 0.5547 0.5052 0.9906 0.5221 0.4423 0.5523 0.2669 0.6991 0.0306 0.1487 0.3195 0.1915 0.7025 0.0423 0.5098 0.3658 0.7396 0.5967 0.8734 0.0523 0.0425 0.5986 0.7975 0.2867 0.3027 0.1940 0.1719
50 50
19.9653
0.3077 0.4688 0.1970 0.9567 0.2352 0.8665 0.5370 0.9167 0.2465 0.7976 0.0115 0.7810 0.2122 0.1877 0.2725 0.1675 0.4070 0.3082 0.7096 0.7603 0.7722 0.8133 0.0934 0.9404 0.4817 0.5140 0.1145 0.6267 0.3268 0.5727 0.7187 0.2319 0.9469 0.6606 0.3665 0.2572 0.1530 0.9278 0.3673 0.6428 0.2303 0.5853 0.3011 0.0992 0.6771 0.8361 0.4781 0.5008 0.0984 0.9573
49 49
19.3167
0.5160 0.6676 0.0714 0.4981 0.3335 0.0043 0.8134 0.1333 0.4030 0.5006 0.0604 0.7262 0.0886 0.2220 0.0524 0.4026 0.1183 0.7801 0.8819 0.9527 0.3600 0.1010 0.9066 0.3387 0.1704 0.3935 0.7484 0.2247 0.7859 0.3502 0.1318 0.5650 0.0948 0.9283 0.3266 0.9479 0.5162 0.3382 0.2204 0.6478 0.1896 0.3961 0.4237 0.5794 0.0951 0.7739 0.5275 0.3075 0.4827
49 49
19.5952
0.3794 0.4520 0.2930 0.3004 0.0367 0.4913 0.2314 0.1273 0.5785 0.2600 0.4357 0.2222 0.6067 0.8135 0.0058 0.2370 0.9984 0.4223 0.5154 0.2456 0.1557 0.2096 0.0571 0.5454 0.9237 0.5934 0.2107 0.7823 0.3022 0.4639 0.4459 0.3786 0.7822 0.8762 0.8206 0.0356 0.2563 0.2632 0.8960 0.2970 0.2273 0.3003 0.4854 0.6505 0.9961 0.0920 0.1464 0.4969 0.2787
50 50
20.2829
0.4706 0.3718 0.4851 0.9004 0.5492 0.1184 0.5586 0.1143 0.0485 0.1077 0.6939 0.1129 0.8449 0.6524 0.7452 0.2293 0.8638 0.1817 0.9409 0.5894 0.4557 0.8914 0.8995 0.3358 0.5152 0.2164 0.3390 0.2678 0.1459 0.5069 0.1479 0.5909 0.3543 0.9206 0.0576 0.9709 0.7957 0.4022 0.8264 0.6943 0.9500 0.2427 0.7426 0.2521 0.1401 0.8664 0.1429 0.9775 0.3108 0.7339
50 50
19.7037
0.1650 0.4488 0.3143 0.3716 0.7218 0.7965 0.6053 0.2076 0.0133 0.1985 0.7122 0.7756 0.2473 0.0406 0.6411 0.9252 0.0897 0.2421 0.4802 0.2970 0.9637 0.1552 0.0558 0.7804 0.1424 0.5739 0.1396 0.8430 0.4782 0.9223 0.5052 0.4276 0.9629 0.1977 0.2838 0.9083 0.7544 0.8680 0.4251 0.4930 0.1610 0.9786 0.2291 0.7674 0.4991 0.5551 0.5786 0.3501 0.6683 0.1278
2 2
0.3333
0.5000 0.5000
2 2
0.3333
0.0000 0.0000
47 47
21.9226
0.7866 0.9591 0.8955 0.9159 0.0707 0.3895 0.4932 0.3121 0.7653 0.6231 0.2393 0.0689 0.9334 0.4643 0.4315 0.5206 0.4861 0.4861 0.7751 0.2114 0.1568 0.6462 0.2857 0.5344 0.5502 0.4205 0.5729 0.9531 0.0713 0.6775 0.0491 0.0674 0.4676 0.8520 0.3546 0.6920 0.6824 0.8466 0.1090 0.1468 0.6862 0.2884 0.4859 0.1231 0.1698 0.9522 0.2297
50 50
0.0050
0.9999 0.9999 0.9999 0.9999 0.9999 0.9999 0.9999 0.9999 0.9999 0.9999 0.9999 0.9999 0.9999 0.9999 0.9999 0.9999 0.9999 0.9999 0.9999 0.9999 0.9999 0.9999 0.9999 0.9999 0.9999 0.9999 0.9999 0.9999 0.9999 0.9999 0.9999 0.9999 0.9999 0.9999 0.9999 0.9999 0.9999 0.9999 0.9999 0.9999 0.9999 0.9999 0.9999 0.9999 0.9999 0.9999 0.9999 0.9999 0.9999 0.9999
47 47
19.0806
0.4394 0.5557 0.4832 0.7120 0.5855 0.4473 0.7354 0.2855 0.9694 0.3675 0.1640 0.6084 0.6195 0.4927 0.0178 0.8139 0.3077 0.6113 0.8157 0.3547 0.5194 0.4550 0.0931 0.6987 0.1691 0.4129 0.9117 0.3083 0.8130 0.7258 0.6680 0.1692 0.2948 0.5648 0.1294 0.1491 0.5749 0.7999 0.8180 0.0438 0.7949 0.9387 0.8988 0.2204 0.4338 0.4495 0.1153
48 48
13.1476
0.8465 0.0657 0.5664 0.8908 0.9343 0.5036 0.2397 0.8671 0.1354 0.8246 0.6862 0.7972 0.9729 0.7424 0.6968 0.4558 0.7969 0.9496 0.5730 0.2669 0.8147 0.9098 0.7682 0.4365 0.8614 0.9782 0.1226 0.7829 0.3290 0.4365 0.3173 0.5821 0.7212 0.9021 0.5038 0.2735 0.5702 0.4336 0.6072 0.4539 0.8477 0.8804 0.7019 0.8831 0.5458 0.6838 0.1082 0.4433
45 45
18.7814
0.3984 0.2998 0.2646 0.9333 0.0032 0.9437 0.6262 0.9176 0.5227 0.8538 0.7859 0.9760 0.7149 0.5439 0.0087 0.1692 0.2794 0.7317 0.3364 0.7310 0.2671 0.8366 0.1435 0.4206 0.0963 0.8932 0.1317 0.8653 0.0086 0.8441 0.5772 0.2554 0.3691 0.3027 0.9819 0.9729 0.8284 0.2060 0.7235 0.6365 0.8335 0.2524 0.0925 0.7133 0.4319
45 45
16.8202
0.1762 0.4887 0.2199 0.8903 0.4489 0.8937 0.8408 0.4841 0.7612 0.6793 0.0543 0.8179 0.9441 0.5871 0.3857 0.7493 0.5721 0.9608 0.2771 0.7131 0.8851 0.9577 0.7257 0.4229 0.5573 0.3560 0.2020 0.1966 0.2688 0.9617 0.6490 0.6668 0.0801 0.6436 0.8445 0.4548 0.8866 0.2477 0.2254 0.1797 0.7931 0.9361 0.0072 0.1538 0.9681
50 50
19.5933
0.3815 0.2701 0.0955 0.9811 0.2870 0.5389 0.3183 0.8841 0.9714 0.2268 0.5126 0.2500 0.2871 0.4528 0.5767 0.5019 0.3480 0.0431 0.3300 0.9775 0.2765 0.6977 0.6396 0.7852 0.8468 0.9091 0.0159 0.8504 0.2390 0.9613 0.3051 0.6565 0.0252 0.1146 0.6587 0.1379 0.6104 0.5470 0.8753 0.7387 0.2009 0.4138 0.5053 0.2993 0.1286 0.7377 0.0748 0.7985 0.4065 0.7057
47 47
18.6755
0.5591 0.1202 0.2850 0.5964 0.0659 0.9523 0.7112 0.5511 0.9455 0.1433 0.9776 0.3102 0.5635 0.7558 0.2614 0.8526 0.0423 0.0332 0.8048 0.0052 0.7766 0.3260 0.9628 0.8174 0.8022 0.5843 0.4016 0.7731 0.5814 0.3962 0.2287 0.6856 0.8392 0.1192 0.7139 0.5579 0.2115 0.6408 0.2595 0.5689 0.2091 0.6529 0.3683 0.6544 0.0399 0.8333 0.8905
47 47
15.4373
0.9875 0.3984 0.2162 0.4766 0.1476 0.7135 0.0942 0.8451 0.7932 0.0855 0.4418 0.3691 0.3775 0.7497 0.8796 0.0831 0.5778 0.6533 0.3639 0.9736 0.8374 0.6787 0.1704 0.4849 0.3857 0.5141 0.4995 0.9742 0.9811 0.6865 0.5802 0.9929 0.4629 0.3697 0.5310 0.9814 0.1440 0.9482 0.8424 0.9714 0.8916 0.5210 0.9107 0.1836 0.4591 0.2046 0.6983
45 45
3.5904
0.4520 0.6697 0.1824 0.3233 0.8465 0.9111 0.1272 0.5221 0.1018 0.7398 0.9563 0.3085 0.1720 0.4465 0.1847 0.3308 0.2692 0.3028 0.4568 0.8075 0.7122 0.3892 0.3252 0.4654 0.3448 0.5776 0.6942 0.4031 0.4820 0.7715 0.3324 0.5127 0.8945 0.7976 0.4581 0.3655 0.7248 0.5679 0.2361 0.2414 0.1036 0.3880 0.4972 0.4244 0.8268
46 46
16.3989
0.2596 0.4037 0.0435 0.1820 0.8586 0.5710 0.0782 0.5303 0.6630 0.8974 0.2391 0.8282 0.5797 0.3128 0.2214 0.3582 0.3502 0.9076 0.1961 0.5063 0.7818 0.6046 0.3775 0.6033 0.2236 0.3051 0.6378 0.6252 0.5791 0.9196 0.0877 0.8547 0.9128 0.0199 0.7908 0.5726 0.8404 0.6707 0.8634 0.6584 0.7580 0.4552 0.9020 0.9010 0.9582 0.6253
1 1
1.0000
0.0000
49 49
2.2603
0.7809 0.3106 0.7213 0.4266 0.5165 0.8491 0.2368 0.3850 0.8354 0.2235 0.3545 0.6047 0.8561 0.2831 0.1679 0.1762 0.4581 0.1160 0.9229 0.2062 0.7961 0.2869 0.5347 0.6857 0.0706 0.5095 0.5509 0.4795 0.7001 0.4856 0.8691 0.6873 0.2017 0.5352 0.7444 0.7064 0.6125 0.0852 0.1329 0.4606 0.6942 0.4379 0.7481 0.5337 0.7694 0.8378 0.5154 0.0739 0.7932
50 50
0.0000
1.0000 1.0000 1.0000 1.0000 1.0000 1.0000 1.0000 1.0000 1.0000 1.0000 1.0000 1.0000 1.0000 1.0000 1.0000 1.0000 1.0000 1.0000 1.0000 1.0000 1.0000 1.0000 1.0000 1.0000 1.0000 1.0000 1.0000 1.0000 1.0000 1.0000 1.0000 1.0000 1.0000 1.0000 1.0000 1.0000 1.0000 1.0000 1.0000 1.0000 1.0000 1.0000 1.0000 1.0000 1.0000 1.0000 1.0000 1.0000 1.0000 1.0000
50 50
0.0000
0.0000 0.0000 0.0000 0.0000 0.0000 0.0000 0.0000 0.0000 0.0000 0.0000 0.0000 0.0000 0.0000 0.0000 0.0000 0.0000 0.0000 0.0000 0.0000 0.0000 0.0000 0.0000 0.0000 0.0000 0.0000 0.0000 0.0000 0.0000 0.0000 0.0000 0.0000 0.0000 0.0000 0.0000 0.0000 0.0000 0.0000 0.0000 0.0000 0.0000 0.0000 0.0000 0.0000 0.0000 0.0000 0.0000 0.0000 0.0000 0.0000 0.0000
46 46
14.2230
0.6435 0.0703 0.1245 0.5181 0.3488 0.9315 0.9219 0.5476 0.8038 0.2881 0.5211 0.7533 0.6895 0.1847 0.6278 0.4814 0.9447 0.9753 0.0525 0.9418 0.0541 0.3363 0.7165 0.3488 0.7997 0.8670 0.3044 0.1872 0.5672 0.1931 0.3065 0.9084 0.1441 0.6403 0.9014 0.8602 0.5172 0.6408 0.8615 0.4117 0.0971 0.8317 0.6597 0.8585 0.6587 0.8493
1 1
0.3333
0.5000
45 45
19.3070
0.3932 0.3289 0.9974 0.2377 0.9164 0.0193 0.0573 0.5114 0.5515 0.5964 0.3222 0.5606 0.1104 0.7404 0.2260 0.6418 0.5349 0.0325 0.6408 0.6642 0.7432 0.9300 0.5378 0.0065 0.2634 0.0082 0.5360 0.5990 0.0185 0.6612 0.6100 0.8989 0.4378 0.5542 0.3825 0.3708 0.5263 0.8560 0.3500 0.1311 0.0918 0.8306 0.5208 0.7591 0.4679
47 47
15.5066
0.2739 0.8224 0.5738 0.7575 0.3922 0.6977 0.8592 0.0103 0.3908 0.5591 0.5439 0.8074 0.9180 0.5110 0.3442 0.3087 0.3078 0.9554 0.1251 0.3722 0.4378 0.7040 0.2210 0.8334 0.0692 0.9171 0.9550 0.7623 0.2183 0.9122 0.6298 0.8078 0.8216 0.1035 0.1613 0.3889 0.8283 0.8596 0.6811 0.2166 0.0096 0.0002 0.3685 0.0352 0.3045 0.9088 0.9785
1 1
0.0000
1.0000
50 50
50.0000
0.0000 0.0000 0.0000 0.0000 0.0000 0.0000 0.0000 0.0000 0.0000 0.0000 0.0000 0.0000 0.0000 0.0000 0.0000 0.0000 0.0000 0.0000 0.0000 0.0000 0.0000 0.0000 0.0000 0.0000 0.0000 0.0000 0.0000 0.0000 0.0000 0.0000 0.0000 0.0000 0.0000 0.0000 0.0000 0.0000 0.0000 0.0000 0.0000 0.0000 0.0000 0.0000 0.0000 0.0000 0.0000 0.0000 0.0000 0.0000 0.0000 0.0000
50 50
33.3350
0.3333 0.3333 0.3333 0.3333 0.3333 0.3333 0.3333 0.3333 0.3333 0.3333 0.3333 0.3333 0.3333 0.3333 0.3333 0.3333 0.3333 0.3333 0.3333 0.3333 0.3333 0.3333 0.3333 0.3333 0.3333 0.3333 0.3333 0.3333 0.3333 0.3333 0.3333 0.3333 0.3333 0.3333 0.3333 0.3333 0.3333 0.3333 0.3333 0.3333 0.3333 0.3333 0.3333 0.3333 0.3333 0.3333 0.3333 0.3333 0.3333 0.3333
46 46
15.6327
0.9854 0.6152 0.6097 0.5498 0.7422 0.1331 0.6302 0.0562 0.7891 0.5459 0.9107 0.9530 0.5654 0.9205 0.3950 0.3111 0.3700 0.3468 0.3242 0.1539 0.9239 0.9246 0.8278 0.7968 0.2215 0.8938 0.7604 0.0608 0.2884 0.3275 0.7089 0.6392 0.6669 0.4613 0.1105 0.7191 0.1181 0.8785 0.1498 0.6187 0.3154 0.4938 0.1807 0.7597 0.8141 0.4691
50 50
16.4364
0.9725 0.3790 0.5680 0.8405 0.1876 0.1806 0.8635 0.3595 0.6728 0.2847 0.2616 0.4150 0.0214 0.1568 0.6827 0.6914 0.9443 0.3102 0.9111 0.4581 0.5583 0.9822 0.0772 0.2325 0.6381 0.6024 0.7555 0.3764 0.7305 0.8669 0.1515 0.6305 0.5643 0.3993 0.8583 0.1966 0.3273 0.6762 0.6591 0.4625 0.2181 0.0052 0.8670 0.3489 0.4017 0.8061 0.8953 0.3494 0.9868 0.4162
50 50
0.0000
0.8700 0.8700 0.8700 0.8700 0.8700 0.8700 0.8700 0.8700 0.8700 0.8700 0.8700 0.8700 0.8700 0.8700 0.8700 0.8700 0.8700 0.8700 0.8700 0.8700 0.8700 0.8700 0.8700 0.8700 0.8700 0.8700 0.8700 0.8700 0.8700 0.8700 0.8700 0.8700 0.8700 0.8700 0.8700 0.8700 0.8700 0.8700 0.8700 0.8700 0.8700 0.8700 0.8700 0.8700 0.8700 0.8700 0.8700 0.8700 0.8700 0.8700
50 50
23.1132
0.0882 0.6073 0.0203 0.5554 0.0873 0.5110 0.4779 0.0693 0.3461 0.3480 0.0545 0.9828 0.5584 0.0392 0.6789 0.9018 0.2102 0.5315 0.2813 0.5573 0.3681 0.2866 0.1755 0.4968 0.5556 0.2333 0.9290 0.8219 0.5420 0.8254 0.2878 0.6114 0.5897 0.2094 0.7037 0.3182 0.3027 0.0327 0.7025 0.0794 0.0025 0.1710 0.1439 0.6995 0.3093 0.6673 0.1216 0.9908 0.7355 0.3521
50 50
1.0000
0.0000 0.0000 0.0000 0.0000 0.0000 0.0000 0.0000 0.0000 0.0000 0.0000 0.0000 0.0000 0.0000 0.0000 0.0000 0.0000 0.0000 0.0000 0.0000 0.0000 0.0000 0.0000 0.0000 0.0000 0.0000 0.0000 0.0000 0.0000 0.0000 0.0000 0.0000 0.0000 0.0000 0.0000 0.0000 0.0000 0.0000 0.0000 0.0000 0.0000 0.0000 0.0000 0.0000 0.0000 0.0000 0.0000 0.0000 0.0000 0.0000 0.0000
50 50
20.7091
0.8348 0.0166 0.8166 0.6385 0.6998 0.0524 0.0450 0.4488 0.1178 0.7167 0.3823 0.0808 0.8094 0.7433 0.7821 0.6695 0.1424 0.8801 0.2721 0.6268 0.9997 0.3103 0.3837 0.3728 0.0613 0.9357 0.7690 0.1198 0.6418 0.1209 0.5047 0.4903 0.6868 0.9711 0.2530 0.7672 0.0678 0.6108 0.7976 0.0257 0.2468 0.1717 0.1201 0.2431 0.9294 0.7286 0.1206 0.1041 0.6699 0.6994
46 46
16.4751
0.6736 0.1082 0.2557 0.9106 0.8720 0.5588 0.9110 0.6773 0.5204 0.0035 0.7366 0.1496 0.9125 0.3676 0.1651 0.8779 0.1041 0.6010 0.0608 0.1552 0.7721 0.6982 0.9812 0.7275 0.5492 0.9243 0.7178 0.1047 0.6513 0.5656 0.2414 0.6708 0.8408 0.3537 0.8877 0.9017 0.3247 0.9123 0.4775 0.9239 0.9298 0.6781 0.5242 0.4568 0.8663 0.3581
49 49
18.0551
0.9946 0.4050 0.5600 0.2789 0.4774 0.8238 0.7609 0.5570 0.7326 0.2139 0.4093 0.6762 0.7623 0.1500 0.3763 0.7410 0.1864 0.1384 0.7159 0.4369 0.0224 0.3792 0.1346 0.1538 0.2095 0.8594 0.0467 0.8922 0.0517 0.8048 0.0467 0.8496 0.7401 0.4726 0.0922 0.5923 0.8421 0.3108 0.1096 0.7305 0.8824 0.2941 0.5409 0.7180 0.7605 0.8441 0.3063 0.0614 0.6254
48 48
19.7894
0.7686 0.2009 0.5696 0.0152 0.2192 0.2856 0.5867 0.0209 0.3943 0.3613 0.8689 0.8392 0.6636 0.4966 0.5101 0.0505 0.7612 0.0563 0.3618 0.0557 0.8842 0.2629 0.8099 0.5420 0.9858 0.1761 0.0438 0.9500 0.4887 0.2998 0.9190 0.5134 0.4168 0.4573 0.3245 0.7108 0.4928 0.9632 0.7769 0.3186 0.4019 0.1374 0.5246 0.9304 0.1669 0.5143 0.6635 1.0000
50 50
19.6349
0.4662 0.9314 0.2114 0.8997 0.0479 0.5131 0.1471 0.1928 0.1224 0.4625 0.0572 0.2300 0.6318 0.3624 0.4163 0.9942 0.9172 0.1112 0.9812 0.1763 0.5215 0.5879 0.1271 0.5558 0.7229 0.7937 0.3611 0.2383 0.5483 0.8282 0.6227 0.2003 0.1364 0.3385 0.0258 0.5983 0.6883 0.4929 0.5924 0.6898 0.1729 0.3800 0.3285 0.0864 0.1395 0.7163 0.1627 0.2021 0.6488 0.7288
50 50
1.0000
0.3333 0.3333 0.3333 0.3333 0.3333 0.3333 0.3333 0.3333 0.3333 0.3333 0.3333 0.3333 0.3333 0.3333 0.3333 0.3333 0.3333 0.3333 0.3333 0.3333 0.3333 0.3333 0.3333 0.3333 0.3333 0.3333 0.3333 0.3333 0.3333 0.3333 0.3333 0.3333 0.3333 0.3333 0.3333 0.3333 0.3333 0.3333 0.3333 0.3333 0.3333 0.3333 0.3333 0.3333 0.3333 0.3333 0.3333 0.3333 0.3333 0.3333
48 48
18.4250
0.7030 0.4099 0.9476 0.1883 0.6982 0.2443 0.3745 0.5728 0.9442 0.0775 0.2998 0.6750 0.2716 0.9504 0.9345 0.5633 0.6835 0.7469 0.1726 0.3969 0.6485 0.1101 0.3239 0.3748 0.5598 0.6845 0.0193 0.6758 0.3984 0.8202 0.9466 0.1299 0.2049 0.1871 0.2670 0.4538 0.4326 0.5381 0.1904 0.8666 0.8195 0.9924 0.2024 0.6936 0.8032 0.9100 0.4983 0.3389
50 50
0.0000
0.9999 0.9999 0.9999 0.9999 0.9999 0.9999 0.9999 0.9999 0.9999 0.9999 0.9999 0.9999 0.9999 0.9999 0.9999 0.9999 0.9999 0.9999 0.9999 0.9999 0.9999 0.9999 0.9999 0.9999 0.9999 0.9999 0.9999 0.9999 0.9999 0.9999 0.9999 0.9999 0.9999 0.9999 0.9999 0.9999 0.9999 0.9999 0.9999 0.9999 0.9999 0.9999 0.9999 0.9999 0.9999 0.9999 0.9999 0.9999 0.9999 0.9999
48 48
18.9174
0.4688 0.2626 0.8630 0.0180 0.4191 0.9420 0.4155 0.6175 0.8935 0.4509 0.1563 0.1594 0.5904 0.2436 0.4911 0.6725 0.9110 0.6541 0.7851 0.3549 0.5436 0.1889 0.8738 0.4482 0.7798 0.1655 0.0948 0.0831 0.9420 0.4701 0.6292 0.4658 0.9128 0.2357 0.1856 0.4206 0.6677 0.4857 0.9743 0.6283 0.6095 0.0619 0.5451 0.1835 0.9223 0.5348 0.0443 0.6255
46 46
20.2757
0.6509 0.1020 0.4878 0.8486 0.8597 0.2542 0.7529 0.0271 0.6745 0.6951 0.7287 0.6660 0.5234 0.2639 0.3958 0.2113 0.1863 0.6017 0.1537 0.0040 0.9477 0.0800 0.7987 0.1380 0.9796 0.4214 0.7825 0.4596 0.4544 0.8709 0.2578 0.4957 0.1013 0.8466 0.4170 0.2136 0.7487 0.8011 0.2579 0.3613 0.9276 0.6313 0.0372 0.4952 0.5746 0.2773
47 47
17.5591
0.9037 0.5838 0.3054 0.0339 0.8418 0.9497 0.4938 0.4266 0.4572 0.3282 0.5408 0.2045 0.4351 0.3559 0.4055 0.9780 0.7287 0.0657 0.0413 0.0269 0.1908 0.4508 0.7361 0.6154 0.1419 0.6230 0.4747 0.0564 0.2708 0.6785 0.7070 0.0127 0.8037 0.1783 0.2725 0.3813 0.2607 0.0474 0.7690 0.1340 0.0154 0.8382 0.7574 0.8693 0.4771 0.4577 0.8780
50 50
0.0000
0.3333 0.3333 0.3333 0.3333 0.3333 0.3333 0.3333 0.3333 0.3333 0.3333 0.3333 0.3333 0.3333 0.3333 0.3333 0.3333 0.3333 0.3333 0.3333 0.3333 0.3333 0.3333 0.3333 0.3333 0.3333 0.3333 0.3333 0.3333 0.3333 0.3333 0.3333 0.3333 0.3333 0.3333 0.3333 0.3333 0.3333 0.3333 0.3333 0.3333 0.3333 0.3333 0.3333 0.3333 0.3333 0.3333 0.3333 0.3333 0.3333 0.3333
49 49
18.4114
0.7722 0.4550 0.5508 0.4138 0.3231 0.5964 0.4033 0.1564 0.7397 0.1926 0.7296 0.2849 0.3651 0.8473 0.1661 0.4309 0.7259 0.6983 0.5859 0.0218 0.1198 0.8100 0.9648 0.9321 0.5857 0.7609 0.5496 0.6283 0.3236 0.3461 0.6597 0.0899 0.4623 0.2410 0.2496 0.9271 0.6890 0.2099 0.0035 0.5157 0.3786 0.6844 0.9249 0.8665 0.4706 0.9768 0.5164 0.3239 0.4272
46 46
23.6206
0.8216 0.5310 0.2206 0.0634 0.2927 0.7292 0.1169 0.3325 0.3555 0.5403 0.3130 0.5146 0.9974 0.3251 0.8955 0.4331 0.7959 0.3190 0.2015 0.4202 0.1472 0.0953 0.0495 0.4934 0.9265 0.1780 0.5551 0.3201 0.2512 0.6904 0.8917 0.9573 0.0117 0.5881 0.7885 0.0492 0.0830 0.7743 0.2177 0.4100 0.2424 0.2201 0.4760 0.0364 0.8812 0.4273
50 50
23.5537
0.2578 0.2829 0.7000 0.1772 0.1981 0.9099 0.3909 0.2056 0.6118 0.9546 0.7812 0.4617 0.9908 0.6364 0.7910 0.6227 0.1671 0.4615 0.0654 0.4737 0.3592 0.1716 0.4239 0.4693 0.4920 0.8400 0.2776 0.0466 0.2102 0.0271 0.4687 0.6841 0.4889 0.0772 0.4694 0.4441 0.5857 0.9562 0.0291 0.7388 0.0795 0.2137 0.0345 0.2460 0.2073 0.1490 0.3641 0.7742 0.7677 0.8715
2 2
0.0000
1.0000 1.0000
49 49
16.0158
0.9770 0.7941 0.9205 0.3734 0.2562 0.5680 0.5252 0.1843 0.2108 0.0089 0.7261 0.9370 0.9211 0.4213 0.2753 0.5401 0.2138 0.5714 0.4674 0.5177 0.3356 0.9190 0.4087 0.3586 0.0141 0.7674 0.9763 0.3875 0.5484 0.7254 0.1075 0.3590 0.5097 0.2516 0.5311 0.7309 0.4532 0.9716 0.0637 0.8967 0.9099 0.6883 0.2164 0.1283 0.8062 0.7544 0.3767 0.3422 0.2183
49 49
23.3248
0.7330 0.5991 0.3573 0.4080 0.3197 0.3879 0.6348 0.0029 0.1493 0.9437 0.8871 0.4858 0.1191 0.5468 0.6520 0.2541 0.2185 0.0643 0.9737 0.9617 0.0434 0.0418 0.7595 0.0196 0.2434 0.8703 0.4634 0.6896 0.1540 0.4396 0.4269 0.8312 0.6806 0.9388 0.0981 0.7197 0.1086 0.9675 0.4628 0.2624 0.7054 0.5329 0.2815 0.3007 0.3267 0.1158 0.2298 0.3343 0.9998
2 2
0.5000
0.5000 0.5000
4 4
1.3999
0.8000 0.6000 0.7000 0.5000
47 47
16.8691
0.7024 0.2185 0.2595 0.4148 0.9034 0.9082 0.4790 0.7880 0.5880 0.5127 0.0895 0.9553 0.0806 0.5572 0.0409 0.5778 0.8319 0.4956 0.0010 0.3074 0.8709 0.4961 0.7003 0.6033 0.0707 0.5420 0.8640 0.1606 0.4218 0.0602 0.6059 0.9170 0.9909 0.2851 0.1074 0.0165 0.1939 0.8884 0.5879 0.4660 0.0857 0.1414 0.8008 0.8878 0.8630 0.4591 0.8107
1 1
0.5000
0.5000
48 48
20.9168
0.4590 0.8342 0.7628 0.6031 0.7106 0.8100 0.1188 0.2910 0.4653 0.6086 0.0950 0.5609 0.1024 0.8131 0.0354 0.1843 0.5701 0.3960 0.9261 0.4812 0.4423 0.2239 0.1470 0.6827 0.3935 0.0113 0.8205 0.7189 0.9032 0.7392 0.5344 0.1019 0.8797 0.3343 0.6199 0.1213 0.2471 0.6641 0.9771 0.8953 0.1158 0.9948 0.6703 0.3825 0.4446 0.2560 0.5354 0.1094
47 47
25.2400
0.7043 0.0216 0.0260 0.0739 0.5919 0.8801 0.0810 0.1130 0.8890 0.4191 0.4301 0.4366 0.6650 0.9694 0.1233 0.7821 0.3985 0.4475 0.2163 0.1400 0.4342 0.0822 0.4693 0.6240 0.4021 0.2600 0.4169 0.2308 0.4031 0.6545 0.1244 0.3364 0.9514 0.3121 0.7379 0.2193 0.6177 0.6494 0.7182 0.9259 0.6921 0.7086 0.8491 0.4506 0.3752 0.5489 0.1161
48 48
21.9729
0.9902 0.6550 0.4465 0.4162 0.2599 0.6989 0.1111 0.8809 0.0944 0.3353 0.9308 0.8053 0.3272 0.1251 0.3735 0.1108 0.0676 0.6704 0.3160 0.7332 0.0666 0.1619 0.5135 0.3084 0.1105 0.7478 0.8733 0.3729 0.6954 0.8696 0.1679 0.6463 0.6084 0.7715 0.3699 0.5644 0.4891 0.4782 0.0847 0.1845 0.1792 0.9528 0.6157 0.7563 0.6167 0.6008 0.1405 0.6537
50 50
0.0000
0.8765 0.8765 0.8765 0.8765 0.8765 0.8765 0.8765 0.8765 0.8765 0.8765 0.8765 0.8765 0.8765 0.8765 0.8765 0.8765 0.8765 0.8765 0.8765 0.8765 0.8765 0.8765 0.8765 0.8765 0.8765 0.8765 0.8765 0.8765 0.8765 0.8765 0.8765 0.8765 0.8765 0.8765 0.8765 0.8765 0.8765 0.8765 0.8765 0.8765 0.8765 0.8765 0.8765 0.8765 0.8765 0.8765 0.8765 0.8765 0.8765 0.8765
46 46
15.7976
0.4207 0.9616 0.8558 0.9457 0.8084 0.9434 0.7544 0.9261 0.2570 0.9327 0.5927 0.9243 0.1227 0.4088 0.8571 0.0689 0.0403 0.1490 0.4186 0.1132 0.0975 0.2415 0.4965 0.5705 0.3534 0.9347 0.8284 0.0374 0.5278 0.0972 0.3349 0.8516 0.1496 0.5097 0.9408 0.0620 0.8122 0.0041 0.5291 0.0916 0.2156 0.8695 0.4672 0.6020 0.1032 0.6837
45 45
16.0174
0.0206 0.3773 0.5021 0.4068 0.6087 0.3709 0.1801 0.6076 0.0542 0.3410 0.9661 0.7794 0.8105 0.2993 0.5533 0.9205 0.7150 0.1061 0.8355 0.7695 0.1107 0.9284 0.8467 0.0882 0.0211 0.7561 0.3696 0.9875 0.4159 0.9713 0.1986 0.0078 0.8164 0.6669 0.4986 0.6721 0.1532 0.6126 0.7829 0.7944 0.8537 0.9889 0.6509 0.2358 0.7262
50 50
25.4847
0.1034 0.7218 0.1377 0.4304 0.2605 0.3657 0.9531 0.3859 0.3414 0.1512 0.6255 0.8183 0.6652 0.2798 0.1571 0.8857 0.5412 0.3965 0.0542 0.5002 0.6847 0.0499 0.4773 0.4838 0.7896 0.6632 0.0450 0.4285 0.8672 0.4921 0.1860 0.3348 0.3115 0.9657 0.4735 0.2914 0.8122 0.1538 0.3960 0.6573 0.7027 0.0115 0.9189 0.4182 0.8499 0.6043 0.7568 0.2614 0.1866 0.8250
49 49
18.8800
0.4689 0.2279 0.2721 0.4107 0.4171 0.0786 0.9129 0.1043 0.4860 0.2162 0.8625 0.8025 0.1521 0.8919 0.3517 0.2771 0.5256 0.7951 0.2492 0.1815 0.5425 0.5980 0.0239 0.6602 0.2936 0.2237 0.4453 0.7354 0.2242 0.8414 0.4869 0.0662 0.8188 0.4388 0.6910 0.8108 0.1466 0.2572 0.9557 0.6630 0.1299 0.5402 0.9260 0.9271 0.7950 0.7351 0.5458 0.7289 0.8977
48 48
22.5496
0.4324 0.5273 0.9055 0.5470 0.5405 0.6948 0.5278 0.9422 0.7152 0.8997 0.6009 0.3933 0.4320 0.6382 0.3387 0.5353 0.4712 0.3438 0.3054 0.4308 0.4334 0.9808 0.9551 0.7813 0.5097 0.2335 0.6391 0.2943 0.5258 0.6281 0.4304 0.8648 0.3304 0.7459 0.8760 0.1947 0.4151 0.4245 0.2535 0.1326 0.0869 0.1734 0.5650 0.1705 0.1649 0.9399 0.4578 0.0387
48 48
16.3715
0.6600 0.4866 0.3720 0.0399 0.9854 0.0818 0.0171 0.9958 0.4271 0.8963 0.6152 0.3757 0.2490 0.7647 0.4669 0.5065 0.2859 0.8214 0.0941 0.6342 0.3979 0.6794 0.3091 0.1497 0.4504 0.1672 0.3816 0.9085 0.8584 0.1932 0.4582 0.8068 0.5684 0.1621 0.1285 0.0879 0.8242 0.7012 0.7328 0.0535 0.6080 0.7188 0.9131 0.3050 0.9071 0.9653 0.0304 0.5236
46 46
20.0415
0.9941 0.6205 0.8984 0.2342 0.2813 0.0400 0.8498 0.1153 0.4292 0.2162 0.8962 0.1838 0.0188 0.2266 0.5151 0.5787 0.4562 0.3329 0.5584 0.4462 0.4776 0.6543 0.2996 0.0577 0.2875 0.1290 0.7355 0.3893 0.7953 0.7554 0.2226 0.1667 0.3983 0.0429 0.4252 0.1247 0.9791 0.0984 0.0455 0.8208 0.1165 0.6571 0.2236 0.7026 0.2034 0.6297
46 46
19.2948
0.6792 0.2084 0.7356 0.7393 0.0849 0.3529 0.0596 0.1914 0.7376 0.8058 0.1829 0.7789 0.6758 0.5590 0.1833 0.8044 0.1243 0.7588 0.8803 0.0683 0.9464 0.0657 0.6551 0.5319 0.7913 0.0389 0.7552 0.2381 0.5038 0.9325 0.6007 0.7644 0.2635 0.1667 0.0951 0.6647 0.0347 0.4183 0.8091 0.2857 0.6506 0.1659 0.8301 0.4393 0.0059 0.1718
46 46
17.1411
0.6514 0.5023 0.9062 0.3075 0.0474 0.7093 0.7387 0.7508 0.7157 0.4880 0.4336 0.7677 0.6712 0.2383 0.3773 0.7200 0.2681 0.4039 0.9357 0.2634 0.2737 0.4769 0.7193 0.2359 0.0845 0.2241 0.7147 0.6693 0.1829 0.7606 0.6934 0.1703 0.6121 0.2163 0.8241 0.8858 0.9051 0.3839 0.1000 0.5628 0.3361 0.2721 0.3537 0.7067 0.8292 0.4528
46 46
17.6443
0.7867 0.1525 0.7698 0.6116 0.4369 0.1378 0.1809 0.1128 0.2623 0.9473 0.1191 0.3795 0.9838 0.2001 0.1601 0.3296 0.9810 0.2230 0.5733 0.4069 0.7243 0.1378 0.5319 0.3554 0.2957 0.4358 0.2144 0.8711 0.1857 0.4373 0.9528 0.2372 0.3054 0.0242 0.8303 0.8108 0.8410 0.0994 0.3510 0.6853 0.1004 0.7453 0.5157 0.5105 0.0750 0.7724
49 49
18.1311
0.4372 0.5341 0.4277 0.2141 0.2029 0.1275 0.9520 0.0487 0.4440 0.0109 0.1040 0.5638 0.9410 0.8393 0.2706 0.4436 0.6397 0.3316 0.1181 0.0630 0.3022 0.5049 0.4210 0.6131 0.5920 0.7362 0.0665 0.6274 0.4848 0.2733 0.4739 0.4121 0.4691 0.8288 0.1691 0.5258 0.8864 0.6833 0.8137 0.6341 0.7706 0.8357 0.1895 0.3743 0.8106 0.8245 0.4231 0.3656 0.0375
47 47
0.5837
0.1213 0.8003 0.8867 0.5646 0.7012 0.7999 0.9918 0.2637 0.7167 0.3602 0.5373 0.2756 0.6248 0.6131 0.7335 0.4186 0.6048 0.8177 0.1457 0.8283 0.8207 0.2976 0.5026 0.4740 0.5956 0.7970 0.3793 0.0082 0.8738 0.4096 0.0343 0.3682 0.3950 0.6586 0.7619 0.0304 0.3154 0.2916 0.9137 0.5064 0.8463 0.1291 0.9160 0.6696 0.7741 0.5603 0.4499
50 50
19.6961
0.6741 0.7225 0.2760 0.7407 0.5387 0.1305 0.3650 0.1858 0.8599 0.6660 0.5239 0.6908 0.7703 0.1447 0.7215 0.9900 0.0497 0.6078 0.1570 0.9143 0.5980 0.1145 0.7105 0.8414 0.2005 0.0618 0.0547 0.6461 0.0737 0.7898 0.1060 0.6383 0.0604 0.6152 0.5401 0.7895 0.5726 0.7085 0.2862 0.4130 0.4108 0.2875 0.2964 0.6244 0.0282 0.6494 0.5895 0.4248 0.9041 0.4917
50 50
0.6901
0.7951 0.9438 0.2791 0.9926 0.8733 0.0539 0.3483 0.9641 0.2187 0.0857 0.3158 0.8091 0.8928 0.7287 0.0507 0.3512 0.8764 0.9318 0.7744 0.7417 0.2683 0.2443 0.8265 0.0932 0.6196 0.1546 0.6986 0.3337 0.2215 0.6915 0.7205 0.3303 0.5160 0.1224 0.1842 0.0863 0.3724 0.6598 0.2665 0.0770 0.2108 0.6759 0.7255 0.7742 0.1090 0.5983 0.1761 0.5109 0.5154 0.8871
49 49
18.9135
0.0532 0.4758 0.9445 0.8352 0.5060 0.1369 0.7810 0.5177 0.3999 0.9812 0.9346 0.6401 0.0872 0.8979 0.7519 0.4611 0.5448 0.0815 0.0218 0.9969 0.1854 0.4845 0.3934 0.5901 0.3299 0.1513 0.9634 0.3973 0.6169 0.4132 0.3411 0.1087 0.8608 0.7512 0.9762 0.5258 0.3733 0.5577 0.6466 0.4859 0.6049 0.2901 0.0086 0.6745 0.6963 0.3296 0.1609 0.2505 0.5284
49 49
16.8345
0.5970 0.6736 0.4593 0.1246 0.4395 0.5429 0.7509 0.7310 0.4054 0.3987 0.8834 0.5276 0.4231 0.3893 0.9266 0.7814 0.7190 0.1881 0.8504 0.2936 0.9219 0.7966 0.3712 0.1600 0.5994 0.6384 0.9807 0.0751 0.2491 0.9280 0.7836 0.9086 0.5004 0.7890 0.2751 0.0661 0.9910 0.4809 0.9264 0.8661 0.9463 0.5568 0.6222 0.3471 0.0700 0.1572 0.4884 0.0611 0.6176
50 50
24.7955
0.5904 0.1569 0.3213 0.7889 0.4245 0.8307 0.6797 0.8712 0.0254 0.4471 0.1368 0.8127 0.3830 0.9478 0.4663 0.2745 0.1643 0.1798 0.0044 0.6396 0.4954 0.0743 0.1321 0.5824 0.0356 0.0415 0.1570 0.0838 0.0839 0.5693 0.5955 0.4616 0.1924 0.2001 0.6051 0.8841 0.0637 0.1525 0.0847 0.4668 0.0971 0.1340 0.5301 0.5603 0.9068 0.9605 0.1789 0.0400 0.6872 0.3909
49 49
19.0900
0.2069 0.1385 0.3612 0.6947 0.9780 0.1786 0.1392 0.4767 0.4249 0.7741 0.6901 0.1734 0.9083 0.3586 0.2156 0.3977 0.3837 0.4945 0.7011 0.8103 0.7975 0.4452 0.3714 0.4739 0.7879 0.9336 0.3088 0.9596 0.9927 0.2079 0.5867 0.7186 0.0721 0.4256 0.0087 0.4035 0.2954 0.3122 0.4002 0.4005 0.2071 0.4293 0.6817 0.2079 0.8468 0.3000 0.8649 0.1277 0.6159
47 47
18.6541
0.8739 0.2003 0.5318 0.3530 0.4735 0.4355 0.2679 0.1756 0.1782 0.4978 0.3687 0.8524 0.7206 0.9621 0.8821 0.7180 0.3190 0.3171 0.8929 0.2325 0.0355 0.2332 0.9355 0.9419 0.7749 0.7070 0.2712 0.6647 0.4928 0.5527 0.8510 0.8964 0.5170 0.7596 0.9275 0.6884 0.2885 0.6106 0.6399 0.9775 0.7679 0.6826 0.6687 0.0440 0.6233 0.3242 0.9981
48 48
18.3295
0.4592 0.3078 0.8486 0.4915 0.6845 0.9196 0.1553 0.5349 0.6360 0.7712 0.2891 0.9806 0.0124 0.4253 0.9750 0.8448 0.4032 0.9667 0.6673 0.5355 0.4391 0.8886 0.3435 0.3166 0.6807 0.5298 0.5789 0.5869 0.0641 0.8207 0.4071 0.2746 0.0785 0.1496 0.9796 0.8590 0.8698 0.5051 0.2736 0.8547 0.6565 0.0383 0.9103 0.3951 0.8143 0.0188 0.0466 0.1740
46 46
24.9238
0.0573 0.5144 0.8802 0.0191 0.6912 0.4906 0.4356 0.6783 0.8208 0.0789 0.1019 0.6351 0.4204 0.6015 0.3454 0.0140 0.4953 0.0307 0.5952 0.6520 0.3415 0.6149 0.8093 0.7052 0.1607 0.2963 0.4061 0.2379 0.0826 0.4149 0.2596 0.2843 0.2958 0.3270 0.1305 0.8287 0.9845 0.1320 0.2504 0.1300 0.6642 0.8310 0.0702 0.1032 0.3743 0.0318
